adaptive-alpha:0.05488135039273248
softmax-temp:3.5759753129254603
